5842
4122
4302
1499
4022
2134
6212
1881
301
3218
3139
160
46
3217
4003
3329
3700
10058
9156
1058
941
3928
3929
5000
3265
3093
463
5569
5555
6311
9546
1094
7257
2136
3539
5087
1095
7270
4712
2355
5943
6269
3939
4464
3186
4751
3964
5088
3284
4060
233
979
3773
1032
1394
8972
2388
6143
9516
3987
4165
7558
5729
1395
8767
8645
1033
5693
8947
7453
10226
1878
1191
9838
583
3536
7363
9401
1583
9713
5193
1156
6057
9749
1577
7115
10178
2095
9818
8173
8773
3628
4896
916
7205
5687
5265
1563
10657
4687
6142
6375
8813
5255
9249
293
169
799
33
883
4821
3476
5078
8992
1585
5677
1864
295
8736
2070
8916
325
179
3077
6043
8230
1893
7160
152
7645
4997
1101
2131
5715
3788
8880
6511
195
5421
1803
201
854
619
29
8238
5076
6578
4409
117
25
7206
67
1841
80
6781
294
123
2542
30
5603
7122
5432
209
26
122
10167
236
7602
7313
2995
1761
3340
2906
<br/>Vær, kart etc på Flyparaglider: http://flyparaglider.com/Meteogram.aspx?&
<br/>Weather, map etc on Flyparaglider: http://flyparaglider.com/Meteogram.aspx?&
37
121
2739
4489
1848
36
4300
130
8237
6968
7298
2175
903
8760
2947
3005
265
5362
2240
4058
3295
1741
1480
34
5326
5545
761
658
318
809
1171
2607
8128
73
8860
5180
3234
4099
4713
103
1525
7103
7546
24
5392
10603
2359
3364
14
263
3076
6864
7249
646
1863
8106
3694
1916
886
2543
2241
2034
885
7701
8152
4701
5197
1890
32
1781
9234
5950
52
1584
8468
9861
672
884
5957
2052
2201
5628
112
4662
259
262
261
260
3994
5589
3288
72
2675
1789
8528
4786
9525
317
390
2186
9647
6047
5618
5626
5604
3331
4549
9094
9748
9388
1419
1993
6625
310
3842
7144
6472
6054
7510
6382
1895
440
1435
860
5815
6932
6235
6808
10048
3409
3869
6520
6687
5378
10484
5624
9659
4427
10531
4877
4241
852
853
7518
3813
5829
5416
4862
5920
3828
6238
5379
7275
3524
4976
4588
4587
6518
7511
6526
6810
5415
999
10280
9911
6185
8183
2096
412
5656
6448
6009
3775
6807
4774
7624
4946
9969
3875
6803
6707
7305
5061
7120
7121
8844
4261
10272
413
7303
439
6100
4837
9593
9912
6493
2411
3848
3878
588
3877
7151
8553
3801
3714
3452
6729
9230
6809
6480
4154
3908
5472
3664
7233
7047
9646
9389
9387
4625
9592
3923
7526
8835
997
9214
1492
755
5031
10008
4819
6246
1994
7031
4242
277
5093
4741
4384
8329
28
280
5317
4762
1788
6991
1438
5037
2611
10422
1835
2631
1703
281
976
977
4846
240
9242
6571
831
3995
6188
1752
9241
3969
890
5256
8576
6907
4835
5516
5059
3946
908
278
1973
282
978
168
283
8709
4152
8050
2433
5130
2558
10427
5080
4090
9200
5458
7225
907
16
748
3859
9269
4315
5901
3757
3755
5070
594
3592
593
389
2149
8033
3856
1827
7370
626
77
6447
3086
3756
250
988
1688
8387
4218
252
251
5227
1393
253
249
1200
6368
3695
1098
10221
5160
6508
5016
47
4382
1873
2027
7795
178
4469
850
307
2613
2221
5841
5166
6153
9375
308
2494
818
3141
3142
7638
3826
4501
8483
8120
9395
368
2044
2315
9580
3038
4882
10443
10198
2990
9151
7541
5906
2810
6690
5796
211
6364
2248
4785
9250
3663
6275
8837
1747
97
7254
708
382
4526
9823
9493
3438
2102
7283
571
8600
2302
5846
231
4071
4136
8470
192
5319
3915
3982
4509
10532
5795
6462
8051
6776
59
10151
58
66
1198
7723
8546
8720
398
333
687
3718
827
1981
1929
39
6456
2088
101
9117
5183
9558
9743
6413
5873
6427
5891
8825
5808
8485
2407
2294
1859
6996
10568
385
5788
82
7719
713
756
1034
7654
1567
7328
2623
1871
9649
4540
4678
9305
5542
9575
3852
1846
9458
2621
118
9488
789
790
139
138
84
190
3091
6566
83
8977
8718
3024
4839
1693
9641
177
176
51
75
203
183
204
205
175
162
3474
137
532
3717
4683
6268
10038
10408
1605
2031
1872
10260
2958
500
5548
5549
7470
1568
9042
3719
3030
5664
9218
8325
9644
3633
3942
9451
7335
6782
5738
6555
10563
10582
135
5568
6938
2466
381
5688
10124
149
1709
1708
1707
9901
7790
2455
105
132
9195
7394
133
8786
10473
146
5442
8721
2583
8135
136
8617
4318
9133
147
1990
6292
8826
1744
9819
9817
5876
6259
9172
899
8933
8536
134
10490
145
7934
10471
8299
7889
1526
3385
10509
8225
191
4494
5919
4289
8745
9843
6338
9672
4244
303
7085
3392
9568
2927
10232
1700
255
1621
9223
232
8775
2314
1802
4275
2855
364
2981
8962
8924
4160
1184
10453
7707
7855
4988
7650
7644
9842
8574
8588
788
9556
202
9374
919
4578
7463
4083
2573
8436
5513
102
360
4270
4666
4659
3896
2443
8530
7733
7384
8201
8897
7471
2232
6923
1177
4437
8209
730
9795
1578
7029
1675
4069
4510
7030
4243
6032
5954
8501
987
8802
5364
8523
3381
3532
6824
8347
7440
8281
3627
10249
9519
1509
7010
7899
7130
3491
6512
7259
6670
6605
7977
6628
6582
6966
6960
7477
8708
3470
7083
5480
6332
5479
8702
2119
8428
3461
10150
4794
4933
2284
621
5690
913
2659
5489
5647
5571
5578
6800
5369
2283
9236
729
184
8044
9067
2307
7097
1711
3587
5955
6956
1067
5751
8555
7668
645
5520
990
322
6229
1611
1613
1668
5818
6828
6330
4779
6327
6801
9197
3845
840
970
6319
5981
812
2029
4156
8559
7964
2546
7888
1527
6112
3833
3831
3832
10043
7670
10199
309
4285
9342
8056
8150
8251
10598
9694
4511
9857
1983
6122
6213
6102
3874
4070
6072
4614
10348
7002
7084
9788
6993
6523
8607
7355
8917
7242
4991
6384
1403
5783
6324
6328
8185
3148
8620
917
528
534
4076
728
1971
4920
9005
8296
2078
9557
8681
245
208
10468
2870
7383
7900
5001
10491
7239
384
9147
8131
9253
4214
828
1552
8253
1808
7563
2413
238
311
328
363
312
5859
3568
366
7499
10542
6097
4465
3883
7034
2380
9496
3588
1651
1705
9663
9790
992
9739
9564
8770
3271
10224
10127
10428
2482
1007
9368
9367
814
7465
5072
9265
3511
7312
6754
2969
2082
7850
724
151
7069
9323
9177
6935
1961
3641
6298
2417
6973
7581
8486
1093
1400
3772
7448
1405
284
3895
6494
6165
7649
2348
388
313
387
1914
2524
8024
8153
974
7043
4204
8489
6258
3095
6103
2799
9844
7354
3750
6
8113
8125
3334
9131
10040
8415
5723
4953
8400
8333
4653
8292
186
8777
8796
1076
4606
7209
721
9566
649
4639
10004
7621
6898
5679
5063
1710
962
7154
6664
8045
968
185
648
4535
1159
6657
816
1780
6322
2198
8420
8701
4534
703
9789
6266
6696
7926
848
7133
7134
2116
8460
6723
8200
4169
6372
9000
9001
892
9246
891
2910
7565
4836
1801
3240
4161
4895
9733
1623
2926
5855
9574
298
1023
6027
314
2280
1008
6771
1517
10104
53
1179
5948
239
10247
10642
9300
6216
8410
329
327
6337
7979
8303
8111
7543
8027
476
6562
4
7364
9966
10647
2343
411
3109
595
200
632
3358
1634
6018
9127
1167
9949
7927
844
578
7007
1594
1964
7921
8504
618
3213
5216
5993
9997
167
2117
2239
247
377
1923
1931
905
378
8441
379
376
380
1925
2345
4777
5138
1496
5191
624
5010
4608
5219
1189
7131
9917
8475
1418
8101
8272
9284
5217
1601
9013
655
9123
7053
1958
5573
2399
9021
5655
241
227
4752
6161
6303
6315
6177
4646
7337
946
6436
3094
288
7685
3106
5869
4929
671
5431
1424
650
772
5886
335
4304
5592
7202
8882
8883
1452
707
4957
8853
357
9180
9722
2807
3105
8884
7965
9706
5831
4930
1880
8890
10216
5756
4613
4890
10023
6608
1924
2209
5115
3715
3349
3412
920
3466
358
2415
3079
7928
1687
5420
5703
6519
9145
7957
5672
8167
1210
1856
1947
956
2744
951
952
4477
1456
1767
1440
4571
1011
6393
1212
6484
4927
3144
9229
40
8194
6106
10105
1529
2970
9211
9204
949
947
4673
4714
2794
1070
4569
1638
1505
1211
10271
2950
1073
5239
3090
5325
2275
2450
5668
950
1002
1639
3744
1786
6662
5373
2725
9238
9050
9031
3206
9276
9282
10298
8782
10274
10275
4205
4466
7838
4053
4123
4107
4109
1894
6585
7211
2967
3706
8493
10000
4891
1907
1905
2643
6254
4252
7092
6469
7393
7334
7421
7098
7096
7095
246
7916
7714
188
1834
290
7399
8062
8867
8866
4317
3436
3435
3518
3465
3420
373
336
371
372
4561
5252
9958
5350
5717
542
628
10573
10339
817
7566
8848
8878
5274
1643
2143
8852
7237
754
6545
8578
7027
6128
7018
2564
6082
3480
2563
2780
2246
6713
9165
6026
8974
114
2914
617
995
8520
403
625
113
1959
620
2277
8247
7966
7684
2856
2800
581
8010
8007
4523
4524
2105
497
630
10288
1030
8005
10215
3323
6080
4220
896
3080
3728
3416
1576
2484
2853
1490
6104
2393
2497
7984
4894
7616
6168
2900
7040
3575
7255
9179
5778
636
5760
8635
6658
3483
2873
8881
635
577
8896
5791
2279
10323
680
681
4088
9166
5286
6430
6107
4230
274
1886
321
529
244
243
2282
1523
242
2779
6656
4231
5849
700
2199
8922
1837
2775
1524
9290
3708
9655
6590
6058
5179
7304
2384
6433
6441
4425
2080
7950
2005
6563
6443
8340
798
5012
10683
2937
6163
5940
6193
7143
744
5434
2683
42
10322
5671
464
2293
7570
7569
6686
4219
5634
6022
895
6429
4833
1506
10363
6233
6218
9965
8891
275
5246
6437
7617
3147
3456
9154
9826
9129
743
6597
8994
7127
7126
5833
6465
6095
7247
820
637
4173
5247
4225
2008
4840
7583
4114
5654
3513
9589
4643
2261
2295
7506
7505
5645
4110
5642
5813
9723
4116
7504
1205
4111
7231
5651
3367
8906
7451
7588
6160
10610
836
5386
8876
6763
2263
1430
1428
56
9381
6606
7401
2028
10140
9668
8879
644
6681
4968
9709
957
8983
8459
7442
10029
273
3352
392
7590
8715
8191
7108
6509
9791
824
8892
9792
8833
1460
10030
9304
405
64
3837
63
1616
409
406
8908
2132
299
330
212
367
116
1607
306
738
287
4106
3795
7395
2308
3760
285
8138
115
3496
4530
8841
3488
3486
9708
9679
10392
9953
5731
6678
6420
7441
846
4233
8913
4814
3277
8162
6602
272
270
271
2128
391
292
289
2961
3812
9051
4221
6704
2118
5793
9987
6675
7161
2330
347
2138
4492
2681
7240
3840
4551
9044
2081
9716
6236
3418
8863
3314
267
795
521
6428
3016
2468
2047
9829
2387
9794
4513
9793
7360
4640
3727
6291
5027
9676
6689
10142
8669
4655
3354
3787
1898
4723
3662
4872
3429
9968
3607
4325
4559
4324
4690
5389
8894
8250
8249
9262
8843
9266
6882
3406
9192
3407
9048
8982
2327
9019
8973
1569
7116
4404
4505
4654
7478
3343
5770
9487
2639
520
8634
6478
7105
4438
8437
1825
1813
858
9594
7870
7871
3549
7067
7520
8232
8231
2774
4522
2782
9712
3853
3523
7647
9365
3048
9582
2812
198
2285
1410
509
229
199
268
1409
196
601
197
510
1075
1411
269
6323
9768
8518
465
498
6544
1564
5305
5682
8895
6407
5978
9321
3344
7579
7968
345
346
847
6542
7228
8606
1575
1686
9758
10266
735
9587
8898
3402
2793
5349
8925
8865
10022
8815
4227
3393
863
3913
4194
825
3712
4589
332
8145
4162
4669
5203
2114
3028
591
8275
2924
6868
8028
2126
9619
3660
749
1670
7587
3434
2336
15
9620
1609
8859
3746
3519
1980
5367
55
2344
7409
71
144
10406
9307
74
4034
8038
7197
2011
7196
7285
396
9522
8186
9090
9089
9071
9536
35
8851
1920
4598
6442
1473
31
4935
5413
1915
395
1850
6169
10395
8808
8584
9621
5396
8097
7271
5307
6694
3422
8105
6149
6365
161
2237
1659
623
57
9508
9398
9583
8013
8332
9091
10075
8583
9943
9675
8667
9137
5593
7681
6069
9359
7035
4206
851
316
6611
8456
2884
9660
8448
9038
4073
4041
604
10545
7908
7078
837
9778
10586
6234
9315
10292
1401
7991
2453
8706
7273
819
9882
2163
3784
296
5856
7629
9268
5825
501
3294
9773
193
803
2447
9003
10378
9585
5250
6172
9247
8487
7517
7302
7190
9136
7342
9545
7189
9461
10042
8488
8663
9034
3115
104
6827
4359
8053
8088
9008
9397
8208
8335
9194
10470
4912
1455
10476
527
9702
6733
5312
3143
2465
6389
9847
10391
7170
5614
7589
6017
9866
10342
1658
10654
10072
10070
8586
7667
8836
2462
9701
9877
9476
5309
9017
109
5424
2942
10512
9371
9541
44
189
27
2430
7210
2358
4429
1974
1949
512
5598
5610
164
1469
5502
5423
519
9449
165
466
9007
1736
6743
2193
173
10234
8083
9689
3882
2244
7156
3904
9805
9181
518
337
170
1753
9355
1388
1757
1487
709
953
9171
954
522
9349
2620
3002
8784
5705
2054
9144
9413
10431
9288
4541
9312
2414
9263
9876
5538
5313
8996
7674
8581
2660
2772
9436
1579
359
3336
4095
1180
4495
4059
4922
6401
304
302
4536
4519
1957
5047
797
1636
7056
10426
6777
1963
2498
10225
3374
5147
4355
5707
640
1597
8637
3156
237
1740
5606
4610
3578
3960
5333
7235
5848
341
9573
9865
10196
2009
4860
9674
6963
4691
6023
6020
8514
659
10054
342
5612
8615
3226
5683
9435
9235
2129
1489
2489
3098
9475
4066
10231
352
4035
1972
2252
7090
10346
5354
10458
1208
9904
9868
9908
9902
2007
5154
5113
157
8163
5230
550
10296
10409
5987
344
8674
1029
159
163
9124
181
8781
7488
1565
1484
570
10546
3648
3583
1897
1896
4045
156
155
8557
5986
9134
1852
5782
8030
1128
1934
1060
9699
3586
3059
5702
1207
2684
1498
1997
10454
297
10073
141
143
142
9853
140
3534
8641
349
5595
6550
2979
10212
5861
340
7188
805
6179
6180
10489
3584
8409
7003
6041
6040
6034
7117
8234
158
3949
5074
7080
526
7316
5539
1201
6849
10483
7420
8978
6117
<br/>https://flightlog.org/fl.html?l=1&a=42&country_id=160&&
154
153
2728
2507
7147
7286
7464
2004
5843
1160
9
5692
4981
2063
758
7458
9114
8239
2043
4601
7661
7660
108
7662
3501
2065
8506
8818
8847
9027
8827
8481
8838
8756
2409
8686
8685
8612
9373
5353
10076
9643
3647
8338
9037
7734
6595
475
8929
6775
4525
6377
5242
1619
7178
5482
9625
2066
9703
9168
6424
5766
5968
10658
8731
8077
2588
8534
2035
8778
8858
7175
843
210
5718
9148
9626
9512
7250
2705
8537
5328
9517
5601
22
8059
7894
6024
2245
207
172
2071
3691
8465
10173
9572
7852
7738
8755
4637
8577
6096
6825
6581
8985
9040
8999
9035
9280
9390
9016
6419
9372
7279
8768
8666
8872
5209
3067
1849
9378
9032
9167
9356
544
6264
8873
3290
3553
631
9690
7112
10544
6111
9030
1799
9264
7214
10263
10585
5283
4962
4945
4941
5580
4139
8107
8096
10583
4940
3369
3802
1902
6632
6136
7036
9278
9464
7301
4504
9952
9529
1938
9725
9317
4628
474
5918
4529
5850
6521
10400
5985
4581
10303
10526
10616
2061
9383
5921
9474
1063
9039
2977
7208
323
5875
4055
10092
8424
4693
2715
3062
6504
10065
6181
8057
9275
9670
7671
9283
6897
3681
9033
7176
2203
6225
10079
1646
6522
9538
1024
8940
6263
7856
9964
7549
1392
1012
7449
6081
10063
10350
10195
10590
10227
6895
6574
6600
<br/>https://flightlog.org/fl.html?l=1&a=22&country_id=160&&
6013
5735
7373
3924
5732
8401
6423
9624
9737
6513
9915
10066
7152
5607
8919
8857
9524
9642
9345
171
6806
654
8608
7443
8807
823
1178
9216
8539
9045
2268
2274
2269
9126
1061
10028
9130
4636
4963
9274
7582
9324
8998
9414
2103
9201
3739
9161
4665
2289
9289
5365
2797
10239
10240
5641
8214
1721
305
7559
5390
2331
8920
7066
60
2551
9260
3732
7614
9667
10575
6293
7072
1143
5348
3355
1399
5887
4435
9222
4826
6567
662
7686
2208
2549
660
2434
9215
6584
4023
10630
7284
933
8469
257
1762
2346
4497
256
6123
4487
4983
5490
9170
10099
4619
9885
8716
4633
6257
6760
7883
5970
10311
2605
10097
9766
10111
9424
9731
9456
9415
5
7055
10050
6164
7044
1624
4671
258
2773
9892
2404
9277
3687
8862
3065
5299
7025
7952
1722
2572
10394
6774
6773
8495
9746
3774
7172
7258
5214
8443
6579
5971
8426
7652
7382
8855
5254
5828
3168
10324
1807
9455
7051
9486
3571
2788
2562
1056
1874
9705
10580
1810
10624
921
4329
9052
7199
5609
7919
582
5834
1680
5839
5684
1941
319
3914
7716
2002
9905
8302
187
8300
7923
7207
3550
3626
8633
2691
2196
4696
8060
6113
689
8926
4200
12
286
3183
5355
975
3111
7612
9066
2097
3930
8679
9358
2526
3270
6475
6829
264
5730
8233
3179
365
6717
10661
1175
2254
7032
2107
5992
7961
3149
1450
1502
2146
1466
2923
2640
1764
1190
7703
3526
1795
733
2418
3454
6905
9083
8927
8981
5697
1593
3287
7610
8273
8545
1389
3074
3564
3785
10561
5285
6499
4092
3531
3530
4952
7836
8823
705
5157
8730
9348
4958
4415
457
9989
580
7903
7309
3035
5667
5141
5117
5151
8885
7079
4791
6431
3312
3485
3034
9753
3037
3747
3391
7479
1648
6596
459
5280
2878
3771
10541
9251
5463
1995
10085
9159
4158
6059
10556
2329
692
3376
8948
8014
6227
4972
4145
7148
456
4398
3792
4223
4989
6317
704
2858
2872
7949
4048
4490
8678
4856
4627
4599
9162
8788
3484
3484
5868
370
3448
1434
1641
3431
369
356
4327
355
666
354
331
668
3259
6672
6137
4568
3432
4987
3768
7720
7230
3879
8139
6948
8801
3794
2
8806
6660
6557
7236
10672
1608
8938
10035
3278
6676
4670
10584
3305
69
7041
8771
4971
4716
3150
4705
3698
8831
2023
2012
4424
8811
2471
2743
7234
1069
722
2707
4725
639
2828
338
8911
737
1040
7292
7841
6477
5356
8512
8907
3092
3947
6489
2767
78
3327
2339
8893
461
3922
3838
10496
3505
10554
3099
7688
8912
458
8915
7174
7118
3565
7944
8832
8758
9995
745
7815
4874
8202
6703
7238
4897
3306
1911
4560
7682
3118
3886
4462
584
4460
5643
10326
9627
8931
19
8966
7361
555
554
2876
3522
7000
8248
5865
8688
8190
5002
2267
7480
7482
7481
7232
8945
9511
6455
8585
7217
3051
5428
8306
6572
7924
8944
1943
7295
7840
7294
7687
4491
10194
3301
3455
2428
1447
3646
5278
3360
9730
9944
460
1437
1673
1423
4101
9835
6183
6561
7642
8657
7146
9023
4172
2396
4159
455
8166
1009
348
9098
1599
2757
2051
5104
746
1047
6645
8070
4024
706
787
374
315
300
375
710
1467
5644
1615
408
6492
6989
6990
551
126
3786
124
98
54
62
7512
127
6482
651
10262
7059
10233
7046
6693
3644
3151
128
7145
50
2936
5630
3377
678
129
5368
1694
1006
4790
2042
3502
320
5670
5099
7496
5430
7743
6688
6497
2024
7291
7289
7992
6219
6222
6223
7744
5540
7839
6403
8817
7561
3600
8737
7099
1039
568
5596
5646
5211
1035
6329
487
531
1876
1036
10108
5752
5736
9867
1468
8377
5419
1158
3642
10183
1987
3605
7461
10
5737
10191
2238
1539
48
2231
1845
2877
174
8376
9320
1657
6358
564
5908
2184
2147
9085
880
1103
2909
120
6336
786
4823
1045
9002
1037
1140
7982
5441
2647
5437
1946
3163
2697
3686
2291
3738
2135
804
6355
3872
6890
5659
339
4496
6943
3286
5405
2922
3124
800
4040
1655
5786
4272
5822
3176
6918
5826
266
7643
7358
8513
3116
235
1157
5584
6215
3401