4122
4302
2136
2355
233
1583
9713
9249
67
294
5180
3694
1789
3331
1993
412
977
907
3592
593
7795
2221
6275
8485
2407
3474
9042
9819
899
7889
8745
8209
7440
8428
4933
184
9067
7097
1711
8555
1527
10043
6072
4614
6993
4076
7383
9253
992
10127
3895
9131
4535
8701
10104
3213
335
8882
707
7965
4613
1687
1856
6484
6106
9211
950
5373
5274
8852
403
8005
2853
1490
2497
274
9826
5645
3367
3795
3812
7161
4492
4325
7478
9768
7579
9758
6868
6442
395
8456
9778
1401
104
8088
10072
5610
9449
9007
522
9144
2414
8996
8514
3098
9904
297
5861
805
526
8239
8838
8686
9373
9625
9168
7175
210
8465
8096
9670
9964
6895
8919
9524
823
9324
9414
9260
2549
4329
7716
1466
1795
3287
1389
3531
705
5157
5141
4989
7949
370
639
7841
458
3306
7361
7294
6688
5646
5752
8377
2238
1657
880
5441
1499
1881
46
3093
4751
1032
1394
3987
4165
7558
1395
8645
1033
1191
583
6057
7115
2095
9818
8173
4896
916
5265
4687
5255
169
295
179
152
4997
5421
1803
854
619
4409
117
25
1841
80
123
30
26
1761
3340
37
2739
130
34
73
24
3364
14
8106
2241
885
32
9234
9861
672
5628
8528
317
2186
6472
6803
1492
5031
277
5093
240
3946
278
282
5080
7225
16
626
77
3756
250
251
253
249
1200
2027
178
850
818
3142
3826
2315
3438
7283
231
4071
8470
59
66
398
827
1929
39
5891
2294
82
6566
3024
177
51
75
532
2031
500
5549
7470
3942
135
5568
381
5688
1708
1707
105
132
9195
7394
133
146
8721
2583
8135
136
1990
6292
1744
5876
6259
134
145
1526
4244
303
232
1802
102
360
2443
7471
1177
1578
7130
8708
3470
4794
2659
5571
5578
8044
2307
990
1613
4779
970
6319
2546
309
4285
1983
1403
5783
3148
917
528
534
5001
1552
311
328
3883
1705
9564
7312
7850
724
1093
1400
284
7043
6
3334
186
1076
649
4639
6898
1710
185
6322
6266
2116
298
1023
2280
53
1179
239
329
327
9966
200
7007
5993
167
905
1925
1418
1958
241
5431
650
772
357
358
9145
956
951
4927
3144
9229
40
949
947
1070
1638
2450
1002
3744
8782
4109
6254
188
290
5717
2393
636
2873
7304
8340
798
2683
2293
743
7127
820
637
4173
7506
4110
5642
9723
1205
7451
5386
8879
9709
64
63
212
116
285
8138
115
8841
6420
272
271
2681
2047
3354
3607
4654
7647
6323
735
5349
3660
15
55
7409
74
396
35
31
4935
5396
6365
623
851
316
604
2453
9773
1455
5312
109
44
27
164
466
3882
518
1487
953
954
2620
2660
359
304
302
797
1636
2498
4355
3156
237
1740
341
2009
4860
9674
6963
659
5612
9435
9235
2489
4035
2252
10346
9868
9908
9902
157
1029
9124
181
1565
1484
1897
156
155
3059
10073
140
3534
6550
2979
6180
7003
5074
7316
6117
154
7147
7286
1160
9
758
7660
108
7662
8827
8612
5353
3647
475
8929
6775
4525
5242
9517
5601
22
207
172
8985
544
6111
9030
5283
3369
6136
7036
9464
1938
9317
474
5850
5985
2061
9275
6897
7176
7856
6013
9915
7152
171
654
7443
1178
10028
4963
9201
9161
4665
5390
60
1143
1399
5887
662
660
256
9731
9456
5
7055
10050
258
9892
2404
9746
7258
7382
3571
1056
9705
1941
187
4696
12
2107
1450
1190
6499
7903
7309
5151
9753
6059
692
8014
4223
3484
3484
3431
356
355
666
354
331
7720
6948
4971
2012
2707
338
3505
7118
745
8966
3301
9944
9835
9023
1599
1047
374
6492
6989
124
98
54
127
128
7145
50
129
5099
5430
7839
1035
1876
1158
8376
1140
1946
339
6918
5826
7643
7358
3116
235
5584
6215